FRAME: 1
00000000
00000010
00001100
00000110
00000000
00000000
00000000
00000000
=================
FRAME: 2
00000000
00000100
00001000
00001110
00000000
00000000
00000000
00000000
=================
FRAME: 3
00000000
00000000
00001010
00001100
00000100
00000000
00000000
00000000
=================
FRAME: 4
00000000
00000000
00001000
00001010
00001100
00000000
00000000
00000000
=================
FRAME: 5
00000000
00000000
00000100
00011000
00001100
00000000
00000000
00000000
=================
FRAME: 6
00000000
00000000
00001000
00010000
00011100
00000000
00000000
00000000
=================
FRAME: 7
00000000
00000000
00000000
00010100
00011000
00001000
00000000
00000000
=================
FRAME: 8
00000000
00000000
00000000
00010000
00010100
00011000
00000000
00000000
=================
FRAME: 9
00000000
00000000
00000000
00001000
00110000
00011000
00000000
00000000
=================
FRAME: 10
00000000
00000000
00000000
00010000
00100000
00111000
00000000
00000000
=================
FRAME: 11
00000000
00000000
00000000
00000000
00101000
00110000
00010000
00000000
=================
FRAME: 12
00000000
00000000
00000000
00000000
00100000
00101000
00110000
00000000
=================
FRAME: 13
00000000
00000000
00000000
00000000
00010000
01100000
00110000
00000000
=================
FRAME: 14
00000000
00000000
00000000
00000000
00100000
01000000
01110000
00000000
=================
FRAME: 15
00000000
00000000
00000000
00000000
00000000
01010000
01100000
00100000
=================
FRAME: 16
00000000
00000000
00000000
00000000
00000000
01000000
01010000
01100000
=================
FRAME: 17
00000000
00000000
00000000
00000000
00000000
00100000
11000000
01100000
=================
FRAME: 18
00000000
00000000
00000000
00000000
00000000
01000000
10000000
11100000
=================
FRAME: 19
01000000
00000000
00000000
00000000
00000000
00000000
10100000
11000000
=================
FRAME: 20
11000000
00000000
00000000
00000000
00000000
00000000
10000000
10100000
=================
FRAME: 21
11000000
00000000
00000000
00000000
00000000
00000000
01000000
10000001
=================
FRAME: 22
11000001
00000000
00000000
00000000
00000000
00000000
10000000
00000001
=================
FRAME: 23
10000001
10000000
00000000
00000000
00000000
00000000
00000000
01000001
=================
FRAME: 24
01000001
10000001
00000000
00000000
00000000
00000000
00000000
00000001
=================
FRAME: 25
00000011
10000001
00000000
00000000
00000000
00000000
00000000
10000000
=================
FRAME: 26
00000010
10000011
00000000
00000000
00000000
00000000
00000000
00000001
=================
FRAME: 27
10000010
00000011
00000001
00000000
00000000
00000000
00000000
00000000
=================
FRAME: 28
00000010
10000010
00000011
00000000
00000000
00000000
00000000
00000000
=================
FRAME: 29
00000001
00000110
00000011
00000000
00000000
00000000
00000000
00000000
=================
FRAME: 30
00000010
00000100
00000111
00000000
00000000
00000000
00000000
00000000
=================
